% Provides the classical Blasius boundary layer profile.
%
% That is, this file tabulates the solution to
%   f''' + f f'' / 2 = 0
% subject to
%   f  ( 0) = 0
%   f' ( 1) = 0
%   f''(oo) = 1
%
% After sourcing this file, the following data is available:
%   blasius_eta     : The coordinate eta which is nothing but as y sqrt(Re_x)
%                     for Re_x = u_oo / nu / x.
%   blasius_f       : The solution f versus blasius_eta.
%   blasius_fp      : The first derivative of f.
%                     Interpretable as u/u_oo.
%   blasius_fpp     : The second derivative of f
%                     Interpretable as u'/u_oo.
%   blasius_fppp    : The third derivative computed from the governing equation.
%                     Interpretable as u'/u_oo.
%
% Further, the following univariate functions of Re_x are available:
%   blasius_y       : The wall-normal coordinate y = eta/sqrt(Re_x)
%   blasius_u       : The Reynolds-independent streamwise velocity u/u_oo
%   blasius_v       : The wall-normal velocity v/v_oo
%   blasius_ke      : The specific kinetic energy
%   blasius_kepp    : The second derivative of specific kinetic energy
%
% Finally, the following data from the literature is exposed:
%   blasius_ganapol : The exact data appearing in in "Highly Accurate Solutions
%                     of the Blasius and {Falkner-Skan} Boundary Layer
%                     Equations via Convergence Acceleration" by B. D. Ganapol
%                     (http://arxiv.org/format/1006.3888v1).

1; % This is not a function file

% The monolithic table generated by https://github.com/RhysU/blasius per
% http://agentzlerich.blogspot.com/2013/10/generating-blasius-boundary-layer.html
% using the command 'blasius 38.5 0.05'
blasius_extended = [
0.0000000000000000e+00  0.0000000000000000e+00  0.0000000000000000e+00  3.3205733621519629e-01
5.0000000000000003e-02  4.1507152669868340e-04  1.6602852453734468e-02  3.3205618765410488e-01
1.0000000000000001e-01  1.6602820868478483e-03  3.3205503910862084e-02  3.3204814784882608e-01
1.5000000000000002e-01  3.7356101454514281e-03  4.9807437546094638e-02  3.3202632659956755e-01
2.0000000000000001e-01  6.6409997145970567e-03  6.6407792096250848e-02  3.3198383711462798e-01
2.5000000000000000e-01  1.0376343137295714e-02  8.3005362122382992e-02  3.3191379994091191e-01
3.0000000000000004e-01  1.4941463889994455e-02  9.9598598507635888e-02  3.3180934846183302e-01
3.5000000000000003e-01  2.0336099417505495e-02  1.1618560926904552e-01  3.3166363595547588e-01
4.0000000000000002e-01  2.6559884017994730e-02  1.3276416076102221e-01  3.3146984420145503e-01
4.5000000000000001e-01  3.3612331799543170e-02  1.4933167934755123e-01  3.3122119361939845e-01
5.0000000000000000e-01  4.1492819733622691e-02  1.6588525361913065e-01  3.3091095491540556e-01
5.5000000000000004e-01  5.0200570834595712e-02  1.8242163722909738e-01  3.3053246220522442e-01
6.0000000000000009e-01  5.9734637498038375e-02  1.9893725242221902e-01  3.3007912757429625e-01
6.5000000000000002e-01  7.0093885034277173e-02  2.1542819432620194e-01  3.2954445702528712e-01
7.0000000000000007e-01  8.1276975436995483e-02  2.3189023607404050e-01  3.2892206775332750e-01
7.5000000000000000e-01  9.3282351430082872e-02  2.4831883482186651e-01  3.2820570667800081e-01
8.0000000000000004e-01  1.0610822083904066e-01  2.6470913872311735e-01  3.2738927014925234e-01
8.5000000000000009e-01  1.1975254133618787e-01  2.8105599491538885e-01  3.2646682473194893e-01
9.0000000000000002e-01  1.3421300561160701e-01  2.9735395857125663e-01  3.2543262896093700e-01
9.5000000000000007e-01  1.4948702702419189e-01  3.1359730305861311e-01  3.2428115594526691e-01
1.0000000000000000e+00  1.6557172578927967e-01  3.2978003124966698e-01  3.2300711668694287e-01
1.0500000000000000e+00  1.8246391576113397e-01  3.4589588801069004e-01  3.2160548396629518e-01
1.1000000000000001e+00  2.0016009186995776e-01  3.6193837389687167e-01  3.2007151663305117e-01
1.1500000000000001e+00  2.1865641827412891e-01  3.7790076006828061e-01  3.1840078412960937e-01
1.2000000000000002e+00  2.3794871728892691e-01  3.9377610443395655e-01  3.1658919106111555e-01
1.2500000000000000e+00  2.5803245915313544e-01  4.0955726902160516e-01  3.1463300161592478e-01
1.3000000000000000e+00  2.7890275269452913e-01  4.2523693856029704e-01  3.1252886363014415e-01
1.3500000000000001e+00  3.0055433695436040e-01  4.4080764025303493e-01  3.1027383208141729e-01
1.4000000000000001e+00  3.2298157382953557e-01  4.5626176470513380e-01  3.0786539179016797e-01
1.4500000000000002e+00  3.4617844178918522e-01  4.7159158796313011e-01  3.0530147910139210e-01
1.5000000000000000e+00  3.7013853071978581e-01  4.8678929460750558e-01  3.0258050231698885e-01
1.5500000000000000e+00  3.9485503794986559e-01  5.0184700183098085e-01  2.9970136064775604e-01
1.6000000000000001e+00  4.2032076550162539e-01  5.1675678442261497e-01  2.9666346145571942e-01
1.6500000000000001e+00  4.4652811861253550e-01  5.3151070056657657e-01  2.9346673556157954e-01
1.7000000000000002e+00  4.7346910556512983e-01  5.4610081835334690e-01  2.9011165039886605e-01
1.7500000000000000e+00  5.0113533885784023e-01  5.6051924289042421e-01  2.8659922080598249e-01
1.8000000000000000e+00  5.2951803774380990e-01  5.7475814388945701e-01  2.8293101725975606e-01
1.8500000000000001e+00  5.5860803215823118e-01  5.8880978359728275e-01  2.7910917136938940e-01
1.9000000000000001e+00  5.8839576804791049e-01  6.0266654492973837e-01  2.7513637846780969e-01
1.9500000000000002e+00  6.1887131410950713e-01  6.1632095965946321e-01  2.7101589715824326e-01
2.0000000000000000e+00  6.5002436993528856e-01  6.2976573650238610e-01  2.6675154569727844e-01
2.0500000000000003e+00  6.8184427555734173e-01  6.4299378894228609e-01  2.6234769512153505e-01
2.1000000000000001e+00  7.1432002237303904e-01  6.5599826262886407e-01  2.5780925905310359e-01
2.1499999999999999e+00  7.4744026542627273e-01  6.6877256218226533e-01  2.5314168014886895e-01
2.2000000000000002e+00  7.8119333701057292e-01  6.8131037723602772e-01  2.4835091319037142e-01
2.2500000000000000e+00  8.1556726155184323e-01  6.9360570755107853e-01  2.4344340484360727e-01
2.3000000000000003e+00  8.5054977172012936e-01  7.0565288703571316e-01  2.3842607015173298e-01
2.3500000000000001e+00  8.8612832571166544e-01  7.1744660651047720e-01  2.3330626585757369e-01
2.4000000000000004e+00  9.2229012563454105e-01  7.2898193506257503e-01  2.2809176068668371e-01
2.4500000000000002e+00  9.5902213692372018e-01  7.4025433984179267e-01  2.2279070275499557e-01
2.5000000000000000e+00  9.9631110870398276e-01  7.5125970415894316e-01  2.1741158429733001e-01
2.5500000000000003e+00  1.0341435950126492e+00  7.6199434375842523e-01  2.1196320394374787e-01
2.6000000000000001e+00  1.0725059767878344e+00  7.7245502114856546e-01  2.0645462679942561e-01
2.6500000000000004e+00  1.1113844845224952e+00  7.8263895788686588e-01  2.0089514260997823e-01
2.7000000000000002e+00  1.1507652214797361e+00  7.9254384473196793e-01  1.9529422231751467e-01
2.7500000000000000e+00  1.1906341873608468e+00  8.0216784958993026e-01  1.8966147333279762e-01
2.8000000000000003e+00  1.2309773023143085e+00  8.1150962319910891e-01  1.8400659386536083e-01
2.8500000000000001e+00  1.2717804311716761e+00  8.2056830251535562e-01  1.7833932666601804e-01
2.9000000000000004e+00  1.3130294077947704e+00  8.2934351177720012e-01  1.7266941254465570e-01
2.9500000000000002e+00  1.3547100594180423e+00  8.3783536124894775e-01  1.6700654403037918e-01
3.0000000000000000e+00  1.3968082308703456e+00  8.4604444365799347e-01  1.6136031954087846e-01
3.0500000000000003e+00  1.4393098085616101e+00  8.5397182836089613e-01  1.5574019842328696e-01
3.1000000000000001e+00  1.4822007441220939e+00  8.6161905329066912e-01  1.5015545721986800e-01
3.1500000000000004e+00  1.5254670775849524e+00  8.6898811475509652e-01  1.4461514749870874e-01
3.2000000000000002e+00  1.5690949600067610e+00  8.7608145517247737e-01  1.3912805557242588e-01
